8
61
4516
7281
2751
2239
7075
8109
9480
9224
2890
4501
6414
7041
7090
4249
5782
43
4589
11262
8212
8513
438
2858
1767
3540
7571
4734
1364
9182
7952
1691
7429
8642
8893
7375
1117
4125
8871
3999
6619
8204
2014
3844
4409
4710
4231
4087
10535
2365
1837
6886
2016
10942
4453
641
6599
1254
2993
8354
4721
9626
921
52
4516
7281
2751
2239
7075
8109
9480
9224
2890
4501
6414
7041
7090
4249
5782
43
4589
11262
8212
8513
438
2858
1767
3540
7571
4734
1364
9182
7952
1691
7429
8642
8893
7375
1117
4125
8871
3999
6619
8204
2014
3844
4409
4710
4231
4458
9702
9731
9226
7725
6916
1092
102
4516
7281
2751
2239
7075
8109
9480
9224
2890
4501
6414
7041
7090
4249
5782
43
1907
6640
6204
4020
1822
5281
1738
8278
5903
6769
2036
10780
7536
4235
10225
6832
8981
7195
8421
6560
219
4916
719
10860
5419
8279
5698
8831
6364
9568
2527
6225
3852
983
8317
715
3637
8984
1805
5969
10805
3934
11095
7498
9685
2863
10070
5458
6973
6764
892
6106
9466
8036
2765
2124
9816
2663
3849
7049
239
2358
5327
2716
3958
6861
1380
4570
6443
4888
10716
11212
7109
6784
10258
8621
7654
2509
1347
9556
9128
533
9655
8296
6851
224
90
4516
7281
2751
2239
7075
8109
9480
9224
2890
4501
6414
7041
7090
4249
5782
43
1907
6640
6204
4020
1822
5281
1738
8278
5903
6769
2036
10780
7536
4235
10225
6832
8981
7195
8421
6560
219
4916
719
10860
5419
8279
5193
5940
8773
9442
4550
6874
1980
9719
6327
7647
3676
5237
8463
3582
5947
10782
4980
2479
7380
9909
11264
4718
2531
1795
354
1772
7031
7565
1047
11176
1279
7959
3700
5201
5401
11046
3925
4127
2541
6037
2524
9207
10781
1167
3444
2643
9935
3508
157
4516
7281
2751
2239
3878
2364
3216
7851
3775
5837
5431
4288
3330
102
8336
9793
6648
8316
2692
5132
2277
7532
3018
5550
4497
3419
3171
7138
9265
3397
5465
3130
10198
1285
7836
9443
2152
8061
6070
8179
9349
3550
11309
5646
5825
10396
3074
2571
6650
10072
4072
4321
3565
638
7322
3647
8806
9851
7191
3144
896
1819
5404
145
7202
5759
72
2528
2523
9798
7428
7965
5911
5501
9131
3008
8343
4272
6271
8068
5981
9367
1650
6459
3819
949
6492
2742
6593
4602
10638
8327
7111
860
7040
3191
8379
4958
3426
3724
3379
6570
3291
10752
148
5309
3773
7547
9233
1603
9185
8079
3024
3788
1014
3234
9546
1388
5836
79
10090
1854
4921
1013
2374
8788
4603
2187
7629
619
1132
3058
1158
9623
6293
3865
3566
3544
671
3609
5897
4472
343
10526
5260
10754
10681
7262
9467
11144
4527
3777
904
6862
2768
8751
8352
158
4516
7281
2751
2239
3878
2364
3216
7851
3775
5837
5431
4288
3330
102
8336
9793
6648
8316
2692
5132
2277
7532
3018
5550
4497
3419
3171
7138
9265
3397
5465
3130
10198
1285
7836
9443
2152
8061
6070
8179
9349
3550
11309
5646
5825
10396
3074
2571
6650
10072
4072
4321
3565
638
7322
3647
8806
9851
7191
3144
896
1819
5404
145
7202
5759
72
2528
2523
9798
7428
7965
5911
5501
9131
3008
8343
4272
6271
8068
4895
7025
5971
9861
4808
10105
6486
10657
2004
2587
7342
4730
10561
5127
2085
3812
5491
9874
1993
2226
7162
1987
4856
9104
4959
1530
3477
5166
9571
940
10849
5603
4081
3076
4567
10065
8706
6614
7153
5136
1427
794
1143
3830
6562
11181
729
10703
3493
10217
2069
9762
3921
10139
10815
3867
9627
4897
6027
7527
4554
3325
772
7160
8542
5548
4580
7011
6310
2656
3390
7586
7246
532
4665
244
2715
2874
165
4516
7281
2751
2239
3878
2364
3216
7851
3775
5837
5431
4288
3330
102
8336
9793
6648
8316
2692
5132
2277
7532
3018
5550
4497
3419
3171
7138
9265
3397
5465
3130
11026
6745
6658
9924
9392
1361
4406
8018
8863
526
11024
8194
5568
5831
2753
4074
10229
11253
701
11171
10228
472
870
2306
6705
2665
7493
5388
10465
8335
10859
7694
1581
6639
5022
9748
9042
5122
4043
5437
9923
163
1174
6540
1574
7764
333
786
1902
4395
11333
7848
5848
3101
11322
10189
6458
2821
6841
3358
3195
792
1809
8412
7337
9616
2780
4754
5600
7042
1961
7217
1168
10933
9566
4239
10983
5590
368
8416
4233
8155
10128
5112
3061
9585
4476
4623
3117
2092
2335
1039
6822
9972
6775
765
417
10552
4933
2706
10838
3908
4248
1573
3388
1188
790
6389
8158
1869
1206
8092
2104
4881
9744
3501
3092
1988
8143
3261
1289
6097
10089
3305
7238
1314
3698
5777
6219
8103
7576
9636
5744
86
4516
7281
2751
2239
3878
2364
3216
7851
2723
11107
10530
10154
2094
656
1126
7030
3046
313
9723
6707
3164
7163
9696
9080
5504
7417
8664
4593
6934
6380
9378
4670
9375
5453
1110
5927
4656
9267
2902
2919
10846
5346
10462
3790
4726
7757
8917
3797
744
10167
10513
211
2618
866
1661
9470
3489
6715
596
5828
3156
11326
9066
5797
5771
9204
10028
9580
3148
2864
1010
7653
5362
8908
640
11202
2331
1773
7695
6211
6409
6903
6573
4236
8511
7770